91.2601	70.2325	130.204	107.588	174.625	131.951	145.611	34.6843	85.265	146.738	40.2745	159.959	78.1683	44.5037	115.135	123.386	153.669	120.867	145.17	169.979	11.6482	106.846	51.8961	66.6719	12.5993	30.6627	15.6024	80.9726	143.367	135.826	125.038	143.522	111.3	17.2547	13.4667	97.9857	64.5432	2.7315	88.6161	30.298	
104.217	9.36033	8.01063	141.119	164.601	162.178	176.506	115.937	54.7408	74.3272	179.145	12.1068	169.245	115.39	169.425	36.738	166.044	160.791	70.599	138.997	12.503	101.805	18.0552	153.864	148.015	86.8346	38.7244	18.3258	93.9238	44.8948	99.42	119.332	87.6749	25.6158	178.693	149.842	135.655	67.7284	35.9788	98.5728	
84.0798	82.5398	127.395	164.381	33.1247	124.486	115.173	157.035	174.534	107.355	150.432	122.052	152.048	120.278	48.8199	164.882	39.3237	30.4611	43.1681	29.7745	11.4674	86.0489	114.448	10.6822	80.4778	65.8495	116.561	63.5445	160.567	14.1729	50.653	146.196	83.4081	148.136	114.568	73.2737	1.50581	27.5794	66.943	17.3051	
120.339	0.397694	104.6	116.871	9.58104	29.8739	135.868	171.505	102.025	69.0504	76.0417	172.92	11.8998	89.5264	162.992	102.262	51.9226	5.89263	158.658	7.1641	170.653	129.398	127.7	109.76	32.8361	60.1384	5.71558	157.149	128.186	39.0888	167.765	52.7516	33.0681	161.323	144.671	82.9704	123.917	32.892	76.8251	63.411	
106.492	58.2925	69.1717	64.7717	4.96109	131.663	135.549	90.1248	167.66	110.633	173.311	9.66458	172.556	23.5362	7.39906	50.0499	45.0265	15.2243	133.421	97.363	40.6221	17.2346	22.1619	149.346	46.234	60.0704	143.451	71.7915	48.1393	83.6979	116.325	122.07	58.7735	93.4184	69.0812	20.5641	73.8527	150.855	2.9604	134.067	
135.026	112.693	104.99	159.089	55.6632	112.244	127.621	102.931	128.132	112.871	84.8161	135.591	148.473	114.307	34.9943	9.25728	21.3329	87.266	156.593	35.1658	41.0717	98.0282	7.71757	106.064	179.836	100.314	54.5633	112.17	43.3189	55.8412	41.3044	156.106	84.3039	32.2717	26.3236	91.9024	77.2993	46.5093	45.2749	41.8835	
154.77	145.785	99.53	134.427	156.228	114.56	103.662	70.0183	126.566	36.3946	115.962	72.2938	165.797	149.938	161.816	134.484	170.995	77.2495	135.942	124.214	123.423	14.2374	129.925	51.0469	82.5047	18.027	33.0031	166.848	41.7365	51.1482	141.608	102.125	146.779	84.6859	44.9	5.87665	55.2112	131.499	158.858	4.03998	
175.827	90.6556	131.5	92.3892	130.852	171.58	113.912	74.5522	17.459	26.939	87.9408	169.186	72.0623	90.6939	67.7452	77.3317	75.087	149.275	99.2092	43.0951	137.382	37.0981	170.435	45.5493	127.78	67.3206	121.749	21.5522	7.68111	126.104	129.296	126.687	31.667	130.975	134.962	62.3172	25.2331	144.522	127.761	132.897	
59.1081	76.1624	171.165	111.112	178.936	150.821	106.425	103.118	164.564	139.222	18.9693	117.399	154.922	25.2475	75.4618	5.94036	89.0774	50.819	170.94	158.829	158.59	138.182	30.5348	158.652	173.528	166.159	52.0719	84.6777	40.423	80.6469	71.7612	69.6759	126.924	175.519	55.1389	141.765	42.0477	75.558	52.4946	146.78	
34.2988	179.487	109.535	135.593	175.13	28.3272	25.0363	57.3107	157.325	152.295	11.1818	154.784	17.1858	81.3702	58.4281	165.277	120.549	144.922	56.3712	70.1773	132.307	37.5719	0.779573	15.5161	64.2739	2.04171	75.905	164.747	62.436	167.311	146.871	57.6614	154.906	19.7569	92.7299	140.679	16.3368	23.5432	88.2996	174.341	
172.613	125.81	29.2913	18.272	104.175	4.0531	112.294	91.1721	85.7678	51.8011	131.357	85.811	54.4579	141.876	160.004	47.8421	105.988	132.846	155.799	53.5291	13.1378	110.268	115.392	171.842	22.5353	52.035	13.5178	44.9448	16.1473	153.815	172.376	98.0948	139.576	110.157	106.94	72.9762	70.8396	21.8047	32.5754	109.179	
96.7444	166.693	9.83869	49.6764	29.2403	75.5023	86.1627	62.9752	82.2668	6.8601	16.9584	66.1797	156.402	52.9871	49.1712	154.136	124.428	121.024	118.972	81.1169	111.923	116.767	81.1178	128.99	38.5426	168.063	131.194	144.577	72.3583	49.3996	118.522	5.20487	136.917	113.641	49.3284	142.1	30.9518	111.065	129.283	21.5533	
32.1986	74.3815	52.5371	169.149	144.748	9.94355	107.803	52.1534	106.902	65.8243	165.19	18.1006	179.202	83.9859	53.8195	153.5	107.597	145.161	1.33988	147.211	123.011	171.266	115.648	175.303	59.9967	157.454	178.278	59.7275	125.61	153.48	150.915	160.664	108.109	178.046	70.3895	120.797	101.997	39.7047	131.551	165.796	
56.3805	154.993	14.6204	100.037	78.4738	135.441	106.821	41.9338	63.0386	144.066	100.138	108.022	126.392	137.263	104.451	114.269	140.213	10.1823	151.645	32.7576	60.8386	115.366	102.757	1.01642	112.769	153.765	62.9903	104.778	90.8701	60.3178	147.789	62.1803	134.352	5.41592	98.1141	176.24	43.8312	23.4168	97.4037	171.824	
27.6456	151.639	161.058	44.7222	35.7466	121.999	116.31	90.9263	89.3246	72.3308	134.148	146.51	150.793	8.70679	83.4184	118.843	131.418	42.4899	34.0768	85.9501	32.0472	32.1826	27.4831	73.0914	98.5457	10.2353	83.9148	155.15	26.0074	70.8616	10.2112	162.089	34.1969	167.618	127.916	22.0525	34.814	48.444	123.255	49.5035	
167.931	97.7938	37.0488	3.35894	31.6963	68.0692	168.255	142.742	9.17872	11.4306	131.646	168.238	158.715	79.5726	91.9886	47.3651	4.25568	154.56	96.5701	36.8863	28.3701	34.2019	81.8957	169.64	41.4291	46.4316	178.988	162.983	19.9357	37.5454	179.16	47.2251	127.263	53.7277	31.0202	101.624	75.7377	129.039	9.50938	6.94758	
